1    0.4706    0.0706    0.5255 Region1		
2    1.0000    0         0	Region2
3    0.2745    0.5098    0.7059 Region3
4    0.1647    0.8000    0.6431 Region4
5    0.2902    0.6078    0.2353 Region5
6    0         0.4627    0.0549 Region6
7    0.7686    0.2275    0.9804 Region7
8    1.0000    0.5961    0.8353 Region8
9    0.8627    0.9725    0.6431 Region9
10   0.4784    0.5294    0.1961 Region10
11   0.4667    0.5490    0.6902 Region11
12   0.9020    0.5804    0.1333 Region12
13   0.5294    0.1961    0.2902 Region13
14   0.0471    0.1882    1.0000 Region14
15   0         0    	 0.5098 Region15
16   1.0000    1.0000    0	Region16
17   0.8039    0.2431    0.3059 Region17